2
0
2
0
0
0
2
1
0
2
2
1
0
1
0
1
3
0
2
0
0
0
2
2
0
2
0
0
0
2
1
1
0
2
0
3
3
2
1
3
2
2
3
0
1
3
2
0
2
0
2
0
2
0
0
0
1
0
2
2
2
0
0
0
0
2
2
0
0
3
1
0
0
2
2
2
0
1
0
0
1
2
2
1
3
2
2
2
0
1
2
4
0
0
0
2
1
1
0
1
0.9768
0.12322
0.68775
0.16794
0.17609
0.15125
0.69474
0.44583
0.18596
0.86039
0.73122
0.72812
0.18951
0.82126
0.15291
0.61544
1.3862
0.46377
0.55161
0.38582
0.18079
0.24617
1.0558
0.66605
0.16992
0.61602
0.25188
0.31307
0.272
0.55427
0.63319
0.52805
0.15618
0.60014
0.12552
0.88233
0.80027
0.84108
0.47642
0.66989
0.56902
1.5048
0.60283
0.17331
0.67741
0.7566
0.64342
0.21587
0.66244
0.1602
0.83676
0.30167
0.84575
0.17552
0.26191
0.16523
0.38454
0.113
0.83626
0.76851
0.57896
0.15044
0.16277
0.12386
0.2062
0.57673
0.97128
0.1404
0.075198
0.87815
0.52001
0.18587
0.18665
0.77592
0.70137
0.95602
0.18566
0.47091
0.40587
0.1507
0.596
1.4784
0.55441
0.69251
0.77982
0.592
1.2423
0.56048
0.19951
0.51801
0.60046
0.83334
0.092877
0.042237
0.34667
0.79195
0.57114
0.55157
0.088582
0.54083
250
230
190
260
190
220
200
340
310
190
270
340
180
300
250
130
260
110
270
200
190
190
90
200
210
320
220
170
160
230
80
90
190
180
230
320
340
200
150
90
250
150
140
210
190
100
210
220
60
250
190
150
250
280
220
160
260
290
240
70
160
220
250
240
210
160
200
120
180
240
90
240
330
260
80
60
250
310
110
280
230
210
220
80
100
270
70
140
250
100
160
100
210
230
140
190
290
70
200
70
