1
0
0
0
0
2
0
0
0
0
0
1
0
0
0
1
0
0
1
0
0
0
0
0
0
1
0
1
0
1
0
0
0
0
1
0
1
1
0
0
1
0
1
1
0
0
1
0
0
1
0
0
1
0
0
0
0
1
0
0
1
0
1
0
1
1
0
1
0
0
0
1
0
0
1
0
0
0
0
0
0
0
0
0
0
0
0
0
1
0
0
0
0
0
0
2
0
0
1
0
0.25693
0.040076
0.10198
0.057005
0.10039
0.54456
0.079426
0.079236
0.093724
0.041926
0.060087
0.059363
0.018555
0.031308
0.02035
0.081617
0.1201
0.034541
0.17513
0.10265
0.02596
0.079529
0.045459
0.052716
0.04235
0.32938
0.10494
0.12889
0.089259
0.12514
0.064233
0.10193
0.038978
0.067603
0.26253
0.15599
0.11648
0.19778
0.081128
0.042085
0.26392
0.022819
0.13413
0.086918
0.11481
0.075769
0.20042
0.042264
0.089724
0.10911
0.073803
0.1334
0.14889
0.021438
0.051046
0.072523
0.11012
0.32892
0.034697
0.036504
0.15402
0.032558
0.064517
0.043547
0.1826
0.36135
0.10137
0.32106
0.025052
0.029567
0.085197
0.52247
0.1029
0.044067
0.18808
0.058193
0.024928
0.023277
0.10347
0.069383
0.094314
0.29096
0.067698
0.084599
0.060103
0.028654
0.082227
0.080354
0.096066
0.092764
0.11912
0.055234
0.035275
0.032176
0.067658
0.2607
0.11445
0.020576
0.1479
0.053639
100
100
100
90
90
140
70
60
100
140
90
120
90
70
60
100
50
80
90
90
120
120
80
110
110
100
110
90
120
130
100
90
70
90
80
30
170
100
90
80
120
90
50
120
120
100
130
110
70
110
100
40
70
110
80
110
90
110
70
100
140
60
90
90
140
150
110
80
110
90
100
40
120
80
90
130
150
120
60
90
80
40
80
90
110
100
90
110
120
70
70
130
90
110
80
120
90
60
110
60
