0
2
0
1
0
0
0
1
0
0
0
0
0
0
0
1
1
0
1
0
4
0
2
0
2
2
0
0
0
2
0
0
0
0
0
0
0
0
0
0
0
0
2
0
0
3
0
1
0
1
2
0
2
0
0
1
0
0
2
0
0
0
1
0
0
1
0
0
0
0
0
0
0
0
0
0
0
0
0
0
0
0
0
0
2
0
1
2
2
0
1
0
0
2
0
0
1
1
1
0
0.14642
0.66881
0.26836
0.1872
0.13271
0.15018
0.11651
0.18812
0.12588
0.09783
0.17489
0.15632
0.12474
0.090081
0.12584
0.44652
0.33188
0.23383
0.23287
0.25661
3.7531
0.14154
0.97492
0.084448
0.85324
0.61463
0.15552
0.29472
0.19578
1.4133
0.063578
0.14102
0.094219
0.0796
0.092063
0.13725
0.1582
0.16533
0.14352
0.081653
0.1208
0.080516
0.58232
0.15519
0.28702
0.71226
0.19113
0.39058
0.1072
0.29509
0.71439
0.040729
0.84635
0.075943
0.11786
0.44087
0.17425
0.093131
0.83518
0.11603
0.099201
0.033289
0.2046
0.065138
0.22551
0.71163
0.14485
0.075287
0.090967
0.22712
0.074866
0.006601
0.064935
0.087826
0.21153
0.090014
0.10446
0.1704
0.20868
0.09945
0.24453
0.094172
0.17026
0.12222
1.2648
0.22769
0.5715
0.36134
0.59147
0.081792
0.62749
0.22477
0.13789
0.7612
0.14651
0.143
0.36482
0.50261
0.23092
0.13457
140
120
120
200
150
150
140
140
140
130
70
160
140
180
110
150
130
100
150
90
30
190
80
190
80
120
130
80
110
90
150
90
140
150
120
160
160
240
110
190
160
170
90
220
120
150
110
180
170
120
100
150
130
130
240
130
100
200
120
120
140
160
110
120
110
210
90
120
160
130
80
130
140
140
80
140
140
130
110
150
180
160
100
150
140
150
190
190
90
180
50
110
80
130
90
170
180
60
170
80
