0
2
1
0
0
2
2
0
2
2
0
1
0
0
0
1
1
0
3
0
0
0
2
0
0
0
0
0
0
2
1
1
0
1
0
3
3
2
1
3
3
0
3
1
0
3
2
0
1
0
1
0
2
2
0
0
0
1
2
2
0
0
1
1
0
0
2
0
0
2
1
0
4
2
2
0
0
0
0
0
1
0
1
0
0
1
2
2
3
1
1
1
0
0
0
0
1
1
0
2
0.27019
0.65472
0.60517
0.13995
0.12962
0.77384
0.68597
0.22929
0.95289
0.90294
0.23678
0.61658
0.18416
0.21048
0.050906
0.5725
0.92671
0.37413
1.0308
0.43311
0.1907
0.19236
1.0038
0.13176
0.1206
0.14856
0.20308
0.14338
0.2176
0.55309
0.62092
0.52269
0.095373
0.64786
0.14446
0.71816
0.76979
0.66134
0.38113
0.68819
0.7636
0.046387
0.65716
0.29555
0.38006
0.76988
0.61677
0.088785
0.52854
0.11151
0.25866
0.31395
0.81525
0.60056
0.25403
0.14435
0.1268
0.60789
0.86132
0.63176
0.14742
0.053262
0.20546
0.56691
0.22784
0.31198
0.90792
0.14061
0.060158
1.1006
0.5191
0.14716
1.7086
0.76416
0.65194
0.16225
0.15882
0.078263
0.32874
0.15826
0.5899
0.12397
0.59105
0.086622
0.1051
0.68176
1.0982
0.67714
0.83151
0.51544
0.60494
0.50305
0.10029
0.03379
0.27734
0.2288
0.78074
0.52151
0.11423
0.55864
150
100
130
260
220
70
230
160
140
150
240
250
180
170
140
130
260
100
190
110
160
190
80
230
250
140
130
210
160
320
70
90
210
240
220
180
320
250
150
90
200
290
90
200
210
100
180
190
60
270
220
180
250
130
220
210
210
90
170
170
260
160
200
70
160
110
180
240
180
100
90
180
120
270
80
200
120
220
110
230
170
210
70
250
270
110
70
100
90
90
90
60
200
230
140
170
230
70
210
70
